146
4
-5.000000 -5.000000
5.000000 -5.000000
5.000000 -4.900000
-5.000000 -4.900000
4
-5.000000 5.000000
5.000000 5.000000
5.000000 5.100000
-5.000000 5.100000
4
-5.000000 -5.000000
-4.900000 -5.000000
-4.900000 5.000000
-5.000000 5.000000
4
5.000000 -5.000000
5.100000 -5.000000
5.100000 5.000000
5.000000 5.000000
9
1.619018 -1.967091
1.719299 -1.940782
1.748495 -2.000971
1.928114 -1.967091
1.907248 -1.899330
2.007451 -1.895544
2.105318 -2.084555
1.706764 -2.166683
1.619018 -1.967091
23
1.324014 -0.009222
1.325493 0.026891
1.357493 0.026017
1.356325 0.079701
1.502698 0.079119
1.504255 0.022716
1.626025 0.022716
1.627504 -0.014756
1.659893 -0.018930
1.684574 -0.043976
1.695318 -0.084264
1.690647 -0.119503
1.659893 -0.139792
1.629061 -0.146685
1.630618 -0.185613
1.501218 -0.184254
1.502698 -0.232890
1.496547 -0.232890
1.351731 -0.235608
1.351108 -0.165033
1.266944 -0.164741
1.266944 -0.007863
1.324014 -0.009222
21
0.135979 0.922823
0.135668 0.974274
0.137770 0.990001
0.110987 0.994175
0.104135 1.044559
0.068865 1.067760
0.068476 1.138530
0.114802 1.142802
0.115502 1.163479
0.172027 1.164547
0.217263 1.226871
0.214771 1.286865
0.760011 1.197359
0.740624 1.091447
0.729724 1.094748
0.729724 1.080575
0.630455 1.099117
0.615973 1.036890
0.615973 0.935443
0.581482 0.933502
0.135979 0.922823
16
1.662852 -1.447529
1.865983 -1.394428
1.913866 -1.511698
1.910440 -1.522668
1.901331 -1.530919
1.886771 -1.531987
1.874236 -1.526065
1.865438 -1.518590
1.697810 -1.570527
1.692438 -1.555286
1.675465 -1.556645
1.656234 -1.551112
1.653898 -1.534511
1.662384 -1.520629
1.680058 -1.515775
1.662852 -1.447529
7
4.525144 1.151345
4.631343 1.167168
4.645357 1.091059
4.588131 1.082516
4.591324 1.065139
4.542351 1.057761
4.525144 1.151345
13
4.303716 2.272207
4.305507 2.262887
4.273819 2.257936
4.291025 2.169013
4.300213 2.170469
4.303171 2.155033
4.456551 2.179109
4.453826 2.193088
4.469398 2.195515
4.465427 2.216290
4.470254 2.216969
4.454994 2.295894
4.303716 2.272207
9
4.347550 1.889719
4.504200 1.912921
4.511363 1.873896
4.535188 1.877488
4.550448 1.794001
4.393175 1.770702
4.390139 1.787205
4.366859 1.783807
4.347550 1.889719
11
-1.006743 2.793612
-1.051044 2.689059
-1.055014 2.679546
-1.099471 2.574507
-0.992417 2.537715
-0.964621 2.603339
-0.862082 2.568003
-0.824944 2.655567
-0.935580 2.693622
-0.907629 2.759538
-1.006743 2.793612
10
3.897687 -0.081157
4.203124 0.010484
4.302626 -0.228910
4.255444 -0.246190
4.147611 -0.283662
4.113821 -0.204834
4.037831 -0.173770
3.950864 -0.204349
3.933190 -0.163479
3.897687 -0.081157
9
4.644423 0.587419
4.878230 0.638967
4.897305 0.540045
4.749375 0.501408
4.792353 0.350840
4.911631 0.380934
4.954531 0.264829
4.701648 0.243374
4.644423 0.587419
9
1.640506 1.637802
1.698043 1.702650
1.782597 1.641782
1.761809 1.618289
1.767960 1.613921
1.746938 1.590137
1.739697 1.595379
1.724048 1.577711
1.640506 1.637802
10
3.201247 3.210950
3.096840 3.060674
2.622840 3.328221
2.658967 3.380351
2.613965 3.405786
2.685283 3.513251
2.755744 3.476653
3.019605 3.314241
3.083292 3.279585
3.201247 3.210950
29
0.011484 0.287836
0.044963 0.288322
0.100009 0.289195
0.161127 0.288613
0.160971 0.319969
0.160037 0.486263
0.317466 0.486846
0.317544 0.462382
0.377884 0.462188
0.378117 0.490147
0.558592 0.488593
0.556646 0.310844
0.682698 0.309776
0.684800 0.495195
0.728011 0.494806
0.729023 0.594214
0.696868 0.594505
0.698347 0.767984
0.580159 0.768760
0.581482 0.933502
0.581482 0.933502
0.135979 0.922823
0.136835 0.762159
0.001363 0.761577
0.004710 0.581788
-0.017323 0.581400
-0.015766 0.480633
0.010083 0.480924
0.011484 0.287836
5
-1.564906 2.031453
-1.359673 1.972236
-1.396500 1.868654
-1.601655 1.927871
-1.564906 2.031453
6
-1.371118 0.937288
-1.275041 0.937288
-1.287576 1.027667
-1.676010 1.125522
-1.726072 1.016406
-1.371118 0.937288
13
1.521462 -0.584701
1.709333 -0.586545
1.707386 -0.747209
1.720856 -0.747306
1.719688 -0.845646
1.703338 -0.845549
1.701469 -1.005728
1.515389 -1.003883
1.517335 -0.842442
1.492109 -0.842248
1.493277 -0.741093
1.519593 -0.741287
1.521462 -0.584701
9
-1.570901 3.317542
-1.541627 3.336278
-1.579232 3.388991
-1.499895 3.456752
-1.458085 3.419183
-1.474825 3.373944
-1.328607 3.245996
-1.424684 3.155616
-1.570901 3.317542
5
1.649304 0.547520
1.620497 0.378410
1.225134 0.433259
1.254019 0.602369
1.649304 0.547520
18
-1.597762 -1.043394
-1.563427 -1.042908
-1.564439 -0.979905
-1.446251 -0.978449
-1.445239 -1.045044
-1.408490 -1.044559
-1.407400 -1.113678
-1.406932 -1.144355
-1.458007 -1.144937
-1.457774 -1.159305
-1.475681 -1.159499
-1.475292 -1.184254
-1.534464 -1.185031
-1.534853 -1.160276
-1.548790 -1.160470
-1.548945 -1.148238
-1.596049 -1.148821
-1.597762 -1.043394
13
2.357656 2.479565
2.403592 2.444811
2.425081 2.428308
2.609605 2.624308
2.603687 2.628774
2.540233 2.677313
2.505586 2.703815
2.422512 2.615571
2.393004 2.638190
2.329160 2.570236
2.365598 2.542375
2.327914 2.502378
2.357656 2.479565
13
-1.179743 -0.600913
-1.124775 -0.599456
-1.074713 -0.598389
-1.011180 -0.596835
-1.007210 -0.727114
-0.983774 -0.726531
-0.981828 -0.791671
-1.005263 -0.792253
-1.001215 -0.927677
-1.053068 -0.932628
-1.105233 -0.933987
-1.169777 -0.931851
-1.179743 -0.600913
23
2.057358 2.419765
2.137318 2.472478
2.161143 2.474517
2.183099 2.498495
2.176870 2.503155
2.210972 2.540433
2.251146 2.510533
2.229969 2.487331
2.300119 2.435103
2.357656 2.479565
2.403592 2.444811
2.344498 2.398505
2.385841 2.367731
2.357968 2.332298
2.377276 2.318901
2.332274 2.270945
2.316236 2.282885
2.289063 2.253373
2.193999 2.324532
2.199371 2.330259
2.109134 2.398020
2.088890 2.394428
2.057358 2.419765
5
-1.209563 -1.710125
-1.117690 -1.702650
-1.092620 -1.845743
-1.234633 -1.860790
-1.209563 -1.710125
13
-3.459269 0.975148
-3.332282 0.975828
-3.331659 0.873313
-3.030427 0.874964
-3.030505 0.894767
-2.941980 0.895253
-2.940968 0.738860
-3.483015 0.735948
-3.483560 0.821765
-3.558538 0.821377
-3.558693 0.864965
-3.458568 0.865547
-3.459269 0.975148
9
0.134110 3.081545
0.188300 3.153869
0.178489 3.159887
0.225593 3.222697
0.235949 3.216387
0.278693 3.273372
0.362312 3.222406
0.218197 3.030288
0.134110 3.081545
5
-2.594812 2.318901
-2.348391 2.247355
-2.406862 2.111834
-2.644952 2.179594
-2.594812 2.318901
5
2.821378 -0.974566
2.920414 -0.958451
2.944394 -1.078536
2.845436 -1.094554
2.821378 -0.974566
9
4.716130 0.822639
4.720879 0.796233
4.741512 0.798563
4.756305 0.712358
4.609698 0.686827
4.606895 0.696923
4.572871 0.692457
4.554185 0.798854
4.716130 0.822639
8
-1.687844 2.926027
-1.562493 2.895835
-1.516556 2.941074
-1.458085 2.907193
-1.504021 2.737792
-1.595894 2.775459
-1.729576 2.801767
-1.687844 2.926027
9
-1.346437 0.238618
-1.054236 0.243180
-1.049019 -0.026794
-1.170556 -0.028735
-1.172736 0.085040
-1.222098 0.084264
-1.223032 0.133676
-1.344335 0.131832
-1.346437 0.238618
9
-0.775971 -0.911077
-0.626095 -0.903310
-0.629676 -0.847685
-0.472481 -0.839530
-0.454729 -1.117561
-0.634737 -1.126881
-0.638241 -1.072711
-0.765227 -1.079216
-0.775971 -0.911077
17
-1.582580 -0.796136
-1.564050 -0.795748
-1.565841 -0.736628
-1.461277 -0.734103
-1.460577 -0.759150
-1.459487 -0.794777
-1.431847 -0.794195
-1.430212 -0.851665
-1.402417 -0.850985
-1.400237 -0.925832
-1.434183 -0.926609
-1.432703 -0.977090
-1.446251 -0.978449
-1.564439 -0.979905
-1.577130 -0.980584
-1.578999 -0.916804
-1.582580 -0.796136
19
1.211509 3.631686
1.294038 3.587710
1.360218 3.688671
1.396266 3.669450
1.405920 3.684205
1.445939 3.662363
1.434806 3.645277
1.458630 3.632657
1.399069 3.541695
1.412928 3.534317
1.387857 3.496068
1.358038 3.511892
1.314359 3.445297
1.291858 3.441705
1.225523 3.473643
1.219373 3.494321
1.239616 3.525192
1.167052 3.563829
1.211509 3.631686
13
0.007202 2.058732
-0.001207 2.046209
-0.047922 2.071449
-0.039591 2.084070
-0.065440 2.098049
0.052048 2.274536
0.153886 2.219396
0.119006 2.166974
0.144543 2.153189
0.096894 2.081740
0.071435 2.095525
0.036399 2.042908
0.007202 2.058732
19
-0.745218 0.176488
-0.731826 0.201534
-0.733695 0.250752
-0.684255 0.252209
-0.684722 0.266091
-0.608810 0.268421
-0.606085 0.194544
-0.464462 0.198816
-0.460491 0.093001
-0.650153 0.087176
-0.645559 -0.037375
-0.813343 -0.042520
-0.815290 0.010193
-0.875708 0.008349
-0.878199 0.075235
-0.863328 0.079021
-0.863250 0.110281
-0.824399 0.110183
-0.745218 0.176488
10
-2.007529 3.060188
-1.885370 3.019513
-1.856718 3.089215
-1.761031 3.057373
-1.855472 2.827007
-1.876416 2.833997
-1.957855 2.861081
-1.933175 2.921076
-2.048794 2.959616
-2.007529 3.060188
19
2.955294 3.547326
3.111555 3.784390
3.317256 3.674303
3.414422 3.821862
3.204284 3.934375
3.253023 4.008349
3.153365 4.061353
3.066942 4.083584
2.776999 3.626929
2.758703 3.636346
2.732464 3.595185
2.677497 3.623629
2.548797 3.692457
2.536963 3.674498
2.723433 3.567809
2.685283 3.513251
2.755744 3.476653
2.840376 3.603339
2.955294 3.547326
5
4.434829 0.317833
4.466128 0.251723
4.332368 0.200272
4.301069 0.266382
4.434829 0.317833
16
-1.148366 -1.024852
-1.102430 -1.023590
-1.105233 -0.933987
-1.053068 -0.932628
-1.050265 -1.020289
-0.987589 -1.018639
-0.981750 -1.202602
-1.040455 -1.204155
-1.048085 -1.213280
-1.087715 -1.214639
-1.097836 -1.206388
-1.238292 -1.210077
-1.241484 -1.111154
-1.166507 -1.109213
-1.145719 -1.108727
-1.148366 -1.024852
13
-1.903121 2.114261
-1.700535 2.054461
-1.708009 2.033880
-1.679046 2.025337
-1.698900 1.970585
-1.727162 1.978934
-1.740242 1.942918
-1.938858 2.001553
-1.932707 2.018445
-1.966342 2.028444
-1.938858 2.103970
-1.909973 2.095428
-1.903121 2.114261
5
4.524521 0.351616
4.446430 0.341132
4.404075 0.596932
4.482167 0.607417
4.524521 0.351616
7
4.464726 1.139598
4.478741 1.069314
4.406878 1.057761
4.402674 1.079021
4.388348 1.076692
4.378616 1.125716
4.464726 1.139598
15
-2.312421 2.242598
-2.228801 2.218231
-2.218135 2.248034
-2.165113 2.232696
-2.175702 2.203281
-2.120345 2.187166
-2.123226 2.179206
-2.112170 2.175905
-2.137318 2.105815
-2.129065 2.103388
-2.144870 2.059315
-2.363729 2.123095
-2.355009 2.147364
-2.347301 2.145132
-2.312421 2.242598
5
1.234088 -1.296379
1.417910 -1.295699
1.419234 -1.591205
1.235411 -1.591884
1.234088 -1.296379
17
-4.118570 2.839433
-3.851283 3.012620
-3.826213 2.993787
-3.742672 3.035142
-3.684200 2.978740
-3.500455 2.967382
-3.529730 2.850694
-3.717679 2.907193
-3.851283 2.824386
-3.901424 2.767887
-3.826213 2.662460
-3.930621 2.590914
-4.035106 2.700126
-4.085169 2.666246
-4.135309 2.737792
-4.081042 2.764101
-4.118570 2.839433
9
-2.129065 0.130473
-1.800427 0.139113
-1.799492 0.109892
-1.798247 0.076886
-1.796845 0.034171
-2.125639 0.025434
-2.126574 0.068440
-2.127819 0.092321
-2.129065 0.130473
13
-2.271701 1.650811
-2.146895 1.614892
-2.136384 1.644598
-2.057202 1.621784
-2.069815 1.586157
-2.060628 1.583536
-2.089046 1.503058
-2.120189 1.511989
-2.131557 1.479856
-2.223585 1.506359
-2.213619 1.534414
-2.303701 1.560334
-2.271701 1.650811
17
-3.188712 1.625959
-3.142075 1.606737
-3.151107 1.588972
-2.917455 1.492282
-2.907411 1.512086
-2.855480 1.490535
-2.824415 1.551500
-2.927810 1.594311
-2.918856 1.611882
-2.986515 1.639938
-2.975226 1.662072
-3.022252 1.681584
-3.032451 1.661586
-3.098630 1.688962
-3.109219 1.668188
-3.157102 1.687991
-3.188712 1.625959
11
2.139342 -1.805165
2.522949 -1.716824
2.631561 -2.100379
2.495153 -2.131735
2.422745 -1.876129
2.395262 -1.882536
2.432166 -2.012717
2.336012 -2.034851
2.300353 -1.908941
2.176792 -1.937385
2.139342 -1.805165
5
1.494367 -0.372585
1.717119 -0.372585
1.717119 -0.524124
1.494367 -0.524124
1.494367 -0.372585
11
-1.276365 -0.332201
-1.022703 -0.327056
-1.018499 -0.496262
-1.077204 -0.497427
-1.074713 -0.598389
-1.124775 -0.599456
-1.127344 -0.495292
-1.191422 -0.496651
-1.193212 -0.422872
-1.274107 -0.424522
-1.276365 -0.332201
22
-0.118617 1.929327
0.104602 1.929327
0.104602 1.913018
0.367295 1.901272
0.372200 1.933793
0.442817 1.929327
0.449357 1.957480
0.577434 1.944180
0.551118 1.796136
0.561006 1.763615
0.552831 1.734006
0.531420 1.716241
0.500276 1.710319
0.470690 1.717794
0.446087 1.737016
0.426389 1.747306
0.303296 1.760703
0.202548 1.764003
0.069722 1.768469
-0.100398 1.764003
-0.161906 1.753713
-0.118617 1.929327
11
-0.638708 -1.311620
-0.455041 -1.304145
-0.442895 -1.545869
-0.616129 -1.552956
-0.619633 -1.483351
-0.654046 -1.484710
-0.655369 -1.458208
-0.760011 -1.462479
-0.766006 -1.343656
-0.637384 -1.338414
-0.638708 -1.311620
5
-0.568480 2.195709
-0.459868 2.161829
-0.514213 2.063877
-0.622747 2.094069
-0.568480 2.195709
15
-1.719610 0.079895
-1.798247 0.076886
-1.799492 0.109892
-1.719688 0.112999
-1.724904 0.222114
-1.443681 0.233084
-1.440801 0.171925
-1.403273 0.173381
-1.402495 0.156684
-1.435506 0.155422
-1.434105 0.127172
-1.578999 0.121542
-1.571446 -0.034366
-1.713849 -0.039996
-1.719610 0.079895
11
2.076044 -0.809533
2.048171 -0.809630
2.048093 -0.777594
2.072540 -0.777594
2.072151 -0.641103
2.126107 -0.641006
2.205833 -0.641103
2.297238 -0.640909
2.289842 -0.968450
2.073085 -0.972042
2.076044 -0.809533
5
4.874571 2.975925
4.975008 2.991457
5.000000 2.860499
4.899563 2.844967
4.874571 2.975925
9
-2.638023 3.317542
-2.514774 3.440151
-2.381481 3.331327
-2.409821 3.303174
-2.312654 3.223862
-2.336790 3.199786
-2.270611 3.145811
-2.341462 3.075332
-2.638023 3.317542
19
2.566627 2.713135
2.540233 2.677313
2.603687 2.628774
2.640670 2.662072
2.664572 2.637414
2.777778 2.717891
2.801680 2.714688
2.816240 2.733133
2.761428 2.780895
2.752085 2.773614
2.534472 2.950781
2.513528 2.931269
2.499513 2.940200
2.444701 2.901369
2.459261 2.890787
2.397442 2.849820
2.419631 2.825648
2.434191 2.830890
2.566627 2.713135
11
-0.794190 1.077954
-0.602270 1.083002
-0.596431 0.900398
-0.633725 0.899427
-0.633102 0.881662
-0.539595 0.884089
-0.535702 0.763227
-0.913936 0.753422
-0.917984 0.878750
-0.787884 0.882147
-0.794190 1.077954
13
-0.805713 -0.476459
-0.678260 -0.467236
-0.680518 -0.441511
-0.656070 -0.439763
-0.659185 -0.404233
-0.488987 -0.392001
-0.474194 -0.558198
-0.566689 -0.564897
-0.560071 -0.639938
-0.671564 -0.647898
-0.677248 -0.583633
-0.795436 -0.592176
-0.805713 -0.476459
9
3.255514 -0.886807
3.295455 -0.873702
3.282609 -0.841763
3.337732 -0.823804
3.347075 -0.847102
3.417692 -0.823998
3.483015 -0.986409
3.317411 -1.040579
3.255514 -0.886807
5
-1.985028 0.846908
-2.089435 0.718959
-1.688545 0.718959
-1.676010 0.850694
-1.985028 0.846908
25
2.346990 1.365207
2.385451 1.351034
2.263993 1.090088
2.288207 1.079216
2.282913 1.058829
2.273025 1.057470
2.273803 1.039025
2.300275 1.047180
2.325579 1.043879
2.285248 0.912339
2.131167 0.951558
2.112404 0.950296
2.119021 0.973304
2.112404 0.989419
2.087878 0.980973
2.048871 0.992719
2.101348 1.089215
2.005738 1.136103
2.021855 1.177750
2.002935 1.186681
2.020920 1.223279
1.981914 1.242404
2.134126 1.517814
2.370892 1.413358
2.346990 1.365207
11
2.289842 -0.968450
2.294825 -1.211630
2.194777 -1.213377
2.179906 -1.220367
2.142379 -1.220367
2.130311 -1.213960
2.031431 -1.215610
2.028317 -1.066013
2.074954 -1.065236
2.073085 -0.972042
2.289842 -0.968450
9
2.043577 -0.379672
2.318338 -0.382196
2.316703 -0.520532
2.207235 -0.519464
2.205833 -0.641103
2.126107 -0.641006
2.127508 -0.523153
2.041942 -0.522376
2.043577 -0.379672
11
-1.376801 2.573731
-1.265620 2.534220
-1.242886 2.526260
-1.142683 2.490729
-1.183792 2.396661
-1.237903 2.415882
-1.287031 2.303466
-1.399302 2.343268
-1.352743 2.449859
-1.420480 2.473935
-1.376801 2.573731
5
-1.611465 -1.767013
-1.294038 -1.759441
-1.294038 -1.925056
-1.598930 -1.917581
-1.611465 -1.767013
9
2.279331 3.625279
2.437772 3.847782
2.475533 3.825842
2.589751 3.759829
2.548797 3.692457
2.536963 3.674498
2.431154 3.537424
2.377899 3.568197
2.279331 3.625279
9
3.695023 -0.551112
3.594975 -0.307349
3.847157 -0.223279
3.892938 -0.334919
3.791099 -0.368896
3.811576 -0.418697
3.786039 -0.427240
3.819829 -0.509465
3.695023 -0.551112
5
1.485803 -1.069896
1.715016 -1.068052
1.716651 -1.221629
1.487360 -1.223473
1.485803 -1.069896
31
-3.194084 2.584021
-3.139895 2.568974
-3.159749 2.510824
-3.140985 2.505679
-3.135613 2.488108
-3.140985 2.465586
-3.158893 2.460732
-3.170571 2.426658
-3.164888 2.425104
-3.157803 2.419183
-3.154533 2.410446
-3.158348 2.398699
-3.168625 2.390933
-3.177890 2.388409
-3.183574 2.390253
-3.190503 2.372003
-3.230133 2.384137
-3.223048 2.402874
-3.275835 2.419183
-3.279962 2.431414
-3.278327 2.445394
-3.271319 2.452480
-3.261509 2.455101
-3.254658 2.453160
-3.250921 2.464227
-3.299815 2.477818
-3.262288 2.587516
-3.237296 2.580526
-3.224605 2.617804
-3.186143 2.607126
-3.194084 2.584021
13
4.379783 2.135133
4.478974 2.150374
4.483257 2.127852
4.505524 2.131249
4.533086 1.985438
4.512687 1.982332
4.519772 1.945151
4.412562 1.928648
4.405788 1.964372
4.376669 1.959907
4.347939 2.111543
4.383287 2.116979
4.379783 2.135133
5
-0.785626 2.225803
-0.656148 2.199398
-0.689627 2.109116
-0.823231 2.184351
-0.785626 2.225803
17
3.883517 -0.729347
3.917307 -0.718086
3.883127 -0.634599
3.974377 -0.604213
4.019379 -0.714397
4.029812 -0.719833
4.036897 -0.737598
4.034172 -0.745947
4.057685 -0.801573
4.046396 -0.805456
4.055894 -0.827978
3.925794 -0.872634
3.897531 -0.805844
3.906251 -0.802835
3.899711 -0.787399
3.904616 -0.780992
3.883517 -0.729347
11
2.048794 3.262013
2.386074 3.107659
2.314134 2.980002
2.254806 3.007087
2.262592 3.020872
2.146194 3.074168
2.124472 3.035628
2.001456 3.090574
2.025047 3.123774
1.981991 3.143481
2.048794 3.262013
6
2.516097 -0.352005
2.645575 -0.321813
2.684348 -0.415979
2.754187 -0.585380
2.603843 -0.623046
2.516097 -0.352005
24
1.748729 2.826716
1.763911 2.812640
1.794743 2.846617
1.829001 2.819629
1.855939 2.865644
1.929671 2.823318
1.900396 2.767207
2.015393 2.678090
2.032054 2.692166
2.052141 2.675468
2.033066 2.657315
2.051129 2.636637
1.963072 2.558587
1.916591 2.536938
1.886693 2.559849
1.884280 2.587225
1.781040 2.670615
1.772709 2.667896
1.721323 2.707601
1.727707 2.712455
1.684107 2.749053
1.714471 2.778177
1.701703 2.789244
1.748729 2.826716
10
3.451327 -2.324726
3.441517 -2.299194
3.395736 -2.179303
3.474607 -2.154839
3.459658 -2.115717
3.586021 -2.076497
3.601671 -2.117464
3.675169 -2.094554
3.730059 -2.238132
3.451327 -2.324726
11
1.545208 1.501213
1.464080 1.422677
1.305717 1.555771
1.178886 1.433162
1.095812 1.502961
1.176706 1.581206
1.090518 1.653626
1.072610 1.636346
0.960728 1.730317
1.105622 1.870498
1.545208 1.501213
9
-0.345650 2.520920
-0.275033 2.498010
-0.267170 2.517717
-0.205895 2.497816
-0.213915 2.477818
-0.181137 2.467139
-0.220922 2.367440
-0.385514 2.420930
-0.345650 2.520920
15
-4.127679 1.028153
-4.006532 1.031939
-4.019067 1.156198
-3.877054 1.163673
-3.856189 1.039511
-3.751781 1.035725
-3.756375 0.987671
-3.755752 0.944666
-3.754117 0.907485
-3.864519 0.892632
-3.885463 0.862538
-3.981540 0.858752
-3.989871 0.892632
-4.140214 0.885157
-4.127679 1.028153
20
-0.809139 -1.638967
-0.863484 -1.640812
-0.866520 -1.557325
-0.656226 -1.552859
-0.653189 -1.570915
-0.608888 -1.570042
-0.544500 -1.617222
-0.503235 -1.666246
-0.496228 -1.717018
-0.429815 -1.715173
-0.422886 -1.761091
-0.390808 -1.772061
-0.360988 -1.810407
-0.361845 -1.848364
-0.368696 -1.865547
-0.386993 -1.880691
-0.412219 -1.893797
-0.412530 -1.945054
-0.784847 -1.955344
-0.809139 -1.638967
13
0.287724 2.673818
0.358731 2.786720
0.475673 2.711387
0.454807 2.673818
0.487663 2.659742
0.534145 2.639938
0.529006 2.629551
0.496539 2.564605
0.433941 2.583439
0.400540 2.500631
0.321125 2.545772
0.346195 2.651199
0.287724 2.673818
15
2.048871 0.992719
1.992892 0.898359
1.905846 0.931754
1.919939 0.970974
1.680681 1.079410
1.652497 1.044850
1.571914 1.082905
1.675542 1.278905
1.821526 1.222211
1.849477 1.263664
1.970157 1.210368
1.947968 1.164450
2.005738 1.136103
2.101348 1.089215
2.048871 0.992719
9
1.713693 1.797301
1.799726 1.881274
1.824796 1.860402
1.871122 1.907485
1.953729 1.830987
1.869253 1.748471
1.813195 1.795068
1.768661 1.751578
1.713693 1.797301
25
1.316228 -2.103194
1.314671 -2.051257
1.336627 -2.026308
1.378904 -2.024852
1.413083 -2.051257
1.415964 -2.099893
1.501374 -2.095816
1.510717 -2.254927
1.429356 -2.258810
1.435662 -2.365304
1.357726 -2.368993
1.301123 -2.371323
1.271226 -2.362004
1.261727 -2.349772
1.263129 -2.333948
1.282749 -2.316280
1.299644 -2.306475
1.293416 -2.227454
1.312179 -2.226289
1.306418 -2.152218
1.275975 -2.143093
1.263830 -2.129114
1.268501 -2.110766
1.284540 -2.103970
1.316228 -2.103194
15
2.103839 0.533152
2.069893 0.424813
1.973816 0.449277
2.131167 0.951558
2.285248 0.912339
2.379924 0.889428
2.391213 0.927289
2.513294 0.897777
2.496010 0.841763
2.384050 0.479565
2.292645 0.502573
2.281200 0.465586
2.166748 0.494515
2.173288 0.515484
2.103839 0.533152
15
2.761038 0.499466
2.825505 0.500728
2.827607 0.456558
2.753486 0.455878
2.754031 0.399864
2.709418 0.399573
2.708951 0.445879
2.677185 0.445588
2.665740 0.460344
2.664339 0.483545
2.677263 0.499369
2.703112 0.506456
2.702645 0.553150
2.759637 0.553636
2.761038 0.499466
11
-0.193983 0.279293
-0.039435 0.281817
-0.037800 0.198816
0.046676 0.200175
0.044963 0.288322
0.100009 0.289195
0.101644 0.206485
0.115969 0.206679
0.118305 0.089797
-0.190168 0.084846
-0.193983 0.279293
9
2.254806 -2.258130
2.382415 -2.231337
2.353685 -2.120377
2.316625 -2.128143
2.311642 -2.108824
2.260334 -2.119600
2.264927 -2.137365
2.225687 -2.145617
2.254806 -2.258130
5
-2.554793 1.806524
-2.315146 1.738472
-2.358435 1.614503
-2.598082 1.682555
-2.554793 1.806524
26
2.517888 1.844190
2.477557 1.876420
2.260022 1.654888
2.226465 1.681681
2.175780 1.677022
2.093718 1.596738
2.095431 1.535288
2.134126 1.517814
2.370892 1.413358
2.422901 1.509077
2.482307 1.483157
2.539377 1.542180
2.522326 1.555577
2.535406 1.569071
2.551289 1.556548
2.630237 1.637996
2.617001 1.648481
2.738927 1.774003
2.719774 1.789147
2.742664 1.812640
2.674927 1.866324
2.658188 1.849238
2.620660 1.879041
2.648300 1.907291
2.609916 1.937870
2.517888 1.844190
13
1.212054 2.282982
1.115354 2.338317
1.190020 2.444229
1.173047 2.453937
1.223032 2.524900
1.254253 2.507038
1.295128 2.564897
1.323157 2.548782
1.338106 2.570042
1.417521 2.524512
1.264997 2.308223
1.240005 2.322590
1.212054 2.282982
27
-1.098848 1.216096
-0.989147 1.217552
-0.989458 1.236579
-0.973186 1.236773
-0.968203 1.254733
-0.954967 1.270362
-0.935892 1.277060
-0.916817 1.272595
-0.900233 1.257645
-0.895250 1.238229
-0.713997 1.239200
-0.714074 1.258713
-0.627652 1.259101
-0.627574 1.242792
-0.503624 1.243374
-0.502846 1.115523
-0.604606 1.114940
-0.602270 1.083002
-0.794190 1.077954
-0.796760 1.116105
-0.822531 1.106495
-0.976611 1.109504
-0.993818 1.104359
-1.037185 1.109504
-1.041545 1.118241
-1.097213 1.117561
-1.098848 1.216096
26
0.626796 -0.271042
0.664245 -0.271042
0.664245 -0.290554
0.833586 -0.290360
0.833509 -0.265023
0.877732 -0.265023
0.877265 -0.042326
0.864652 -0.042326
0.864496 0.003106
0.821363 0.002912
0.821363 0.014562
0.805168 0.014562
0.805012 0.047374
0.794969 0.062809
0.777139 0.074556
0.746385 0.079604
0.715632 0.072032
0.693053 0.063780
0.675068 0.042423
0.672810 0.021163
0.655525 0.021745
0.655447 -0.046500
0.608188 -0.046403
0.607876 -0.231046
0.626796 -0.231046
0.626796 -0.271042
24
4.490653 -0.491312
4.656335 -0.437239
4.661941 -0.451315
4.681249 -0.445005
4.683507 -0.450539
4.688957 -0.452189
4.722514 -0.528201
4.731624 -0.534414
4.739487 -0.553830
4.734426 -0.562567
4.737463 -0.570333
4.654388 -0.596641
4.658826 -0.608193
4.620754 -0.620231
4.616472 -0.609261
4.542195 -0.632851
4.534799 -0.639452
4.525378 -0.636637
4.508872 -0.618969
4.504979 -0.605475
4.508093 -0.593535
4.476327 -0.514513
4.497271 -0.507718
4.490653 -0.491312
5
2.946262 -0.220173
3.046543 -0.190079
3.165043 -0.415494
3.042339 -0.434812
2.946262 -0.220173
9
3.225850 3.622949
3.315231 3.574410
3.304954 3.559072
3.445021 3.483060
3.306511 3.275798
3.140829 3.365790
3.083292 3.279585
3.019605 3.314241
3.225850 3.622949
35
1.691971 2.365984
1.778938 2.291040
1.788670 2.300262
1.838266 2.257645
1.787035 2.209300
1.823161 2.178235
1.864348 2.217066
1.955286 2.138724
1.933797 2.118435
1.964785 2.091739
1.923676 2.053005
1.966653 2.016018
1.943452 1.994175
1.898995 2.032521
1.883423 2.017862
1.767181 2.118338
1.781507 2.131735
1.734014 2.172896
1.681693 2.123774
1.637314 2.162120
1.423205 1.961072
1.499661 1.894865
1.552838 1.944763
1.638326 1.870789
1.481832 1.723813
1.240005 1.933016
1.348850 2.035239
1.367770 2.018930
1.394397 2.043879
1.378748 2.057470
1.428110 2.103873
1.406310 2.122609
1.585772 2.291622
1.600020 2.279293
1.691971 2.365984
16
-4.683040 0.195321
-4.332368 0.196195
-4.328164 0.151053
-4.161080 0.158528
-4.146132 0.054558
-4.035495 0.051548
-4.041958 -0.059897
-4.157499 -0.062809
-4.159134 -0.163965
-4.295930 -0.163965
-4.331589 -0.163965
-4.329721 -0.213474
-4.641308 -0.217649
-4.731390 -0.219202
-4.743302 0.136686
-4.683040 0.195321
13
-0.735641 2.507815
-0.691651 2.492962
-0.686279 2.505970
-0.658640 2.496554
-0.660742 2.480827
-0.632713 2.471313
-0.664090 2.395787
-0.649297 2.390836
-0.672498 2.334919
-0.690016 2.340841
-0.725130 2.256383
-0.826112 2.290554
-0.735641 2.507815
5
-1.875793 -1.678187
-1.733780 -1.674401
-1.725372 -1.907776
-1.879920 -1.915348
-1.875793 -1.678187
15
-3.694010 1.020969
-3.560873 1.022425
-3.558693 0.864965
-3.558538 0.821377
-3.558849 0.746044
-3.608912 0.746238
-3.619500 0.736045
-3.641378 0.736725
-3.648074 0.743908
-3.684979 0.743423
-3.687782 0.945345
-3.755752 0.944666
-3.756375 0.987671
-3.693543 0.988351
-3.694010 1.020969
13
-4.297721 1.006407
-4.200554 1.007572
-4.200009 0.967673
-4.127913 0.968547
-4.127446 0.936414
-4.193625 0.935637
-4.190744 0.739443
-4.299512 0.738181
-4.301848 0.898165
-4.329020 0.897777
-4.329565 0.934569
-4.296709 0.934958
-4.297721 1.006407
5
1.854149 0.276284
2.023256 0.274828
2.020531 0.004271
1.851346 0.005631
1.854149 0.276284
5
-0.593083 2.608485
-0.445309 2.561111
-0.479410 2.474614
-0.627185 2.521988
-0.593083 2.608485
20
-0.757519 1.747889
-0.535312 1.687312
-0.540373 1.672265
-0.523556 1.667605
-0.543176 1.609261
-0.563731 1.614892
-0.570582 1.594602
-0.688381 1.626735
-0.695466 1.605475
-0.718746 1.611785
-0.728556 1.609552
-0.738522 1.601301
-0.748955 1.600524
-0.755417 1.604504
-0.757441 1.614018
-0.760633 1.617998
-0.774726 1.621784
-0.765071 1.650714
-0.788039 1.656927
-0.757519 1.747889
15
-1.599787 -1.332007
-0.975989 -1.312009
-0.969215 -1.483545
-1.010713 -1.484807
-1.007755 -1.560431
-1.245455 -1.568100
-1.240316 -1.698379
-1.609519 -1.710125
-1.615047 -1.569848
-1.816777 -1.582662
-1.824173 -1.377633
-1.824563 -1.367925
-1.824874 -1.356470
-1.599164 -1.349189
-1.599787 -1.332007
34
-0.036009 -2.219105
0.142208 -2.206291
0.142830 -2.141637
0.231978 -2.136977
0.243579 -2.201631
0.414010 -2.191146
0.415333 -2.233084
0.487663 -2.230172
0.490233 -2.280749
0.468900 -2.285992
0.483148 -2.338996
0.523556 -2.337928
0.527760 -2.382778
0.560305 -2.380157
0.562485 -2.427725
0.580782 -2.428890
0.584285 -2.486361
0.608577 -2.484807
0.609044 -2.498107
0.585142 -2.498884
0.592538 -2.638385
0.386915 -2.650034
0.388706 -2.676051
0.332726 -2.679352
0.287802 -2.682070
0.291461 -2.699252
0.222090 -2.701582
0.220533 -2.685759
0.182304 -2.687603
0.184329 -2.522571
0.141429 -2.522085
0.133643 -2.470343
-0.043795 -2.469857
-0.036009 -2.219105
5
2.645575 -0.321813
2.946262 -0.220173
2.992199 -0.314338
2.684348 -0.415979
2.645575 -0.321813
7
-1.237436 1.983885
-1.124697 1.950005
-1.158098 1.882244
-1.053691 1.821959
-1.091218 1.742938
-1.295907 1.810698
-1.237436 1.983885
9
-2.357345 0.205805
-2.220159 0.211824
-2.213541 0.088535
-2.127819 0.092321
-2.126574 0.068440
-2.211361 0.064751
-2.204977 -0.053975
-2.343019 -0.059994
-2.357345 0.205805
7
-1.364811 0.890205
-1.231129 0.882730
-1.239538 0.995631
-1.097525 0.995631
-1.097525 0.754684
-1.348150 0.747209
-1.364811 0.890205
10
-1.959958 1.565964
-1.909895 1.550917
-1.893156 1.588584
-1.709411 1.509562
-1.792952 1.366469
-1.872290 1.370255
-1.888951 1.336375
-2.005894 1.374041
-2.001767 1.490729
-1.959958 1.565964
15
-2.913874 2.499272
-2.767968 2.458208
-2.774819 2.438501
-2.763452 2.435298
-2.782994 2.378992
-2.796542 2.382778
-2.846371 2.253471
-2.970632 2.287836
-2.960355 2.315795
-2.979352 2.321134
-2.935129 2.448791
-2.946185 2.451898
-2.936997 2.478303
-2.922516 2.474226
-2.913874 2.499272
11
-0.748955 2.013785
-0.553064 1.995243
-0.567234 1.873605
-0.667282 1.883118
-0.667982 1.876614
-0.703875 1.880012
-0.704498 1.874187
-0.733928 1.877002
-0.733461 1.881371
-0.764059 1.884283
-0.748955 2.013785
9
-0.087863 2.760315
0.045119 2.964081
0.121342 2.923697
0.091756 2.878264
0.077508 2.885836
0.058977 2.857392
0.079532 2.846423
-0.005178 2.716532
-0.087863 2.760315
23
-1.259937 2.789826
-1.276520 2.746238
-1.304004 2.754781
-1.267022 2.851859
-1.348305 2.877002
-1.374388 2.808368
-1.352354 2.801573
-1.365668 2.766722
-1.383264 2.772158
-1.395799 2.739249
-1.290924 2.706922
-1.300578 2.681681
-1.223110 2.657703
-1.265620 2.534220
-1.242886 2.526260
-1.201543 2.646442
-1.178809 2.639452
-1.150780 2.713038
-1.055014 2.679546
-1.051044 2.689059
-1.147276 2.722260
-1.136065 2.751578
-1.259937 2.789826
13
4.596306 1.549850
4.611567 1.470925
4.606662 1.470149
4.610710 1.449471
4.595139 1.447044
4.597786 1.433065
4.444483 1.408989
4.441525 1.424425
4.432338 1.422969
4.415131 1.511892
4.446819 1.516843
4.445028 1.526163
4.596306 1.549850
17
3.507229 -0.801767
3.576678 -0.778565
3.584386 -0.797301
3.687470 -0.762839
3.681242 -0.747694
3.746409 -0.725949
3.756920 -0.751578
3.771479 -0.746724
3.805581 -0.829725
3.744929 -0.850015
3.756141 -0.877196
3.631646 -0.918746
3.622303 -0.895932
3.546547 -0.921173
3.506762 -0.824289
3.515248 -0.821474
3.507229 -0.801767
15
-1.545675 1.468013
-1.309143 1.400932
-1.343868 1.301524
-1.352043 1.303854
-1.353288 1.300359
-1.529481 1.350548
-1.535554 1.332977
-1.582191 1.346277
-1.576819 1.361518
-1.583203 1.363363
-1.573626 1.390836
-1.596439 1.397340
-1.579154 1.446850
-1.555408 1.440151
-1.545675 1.468013
10
4.341244 -0.703330
4.209586 -0.351228
4.286510 -0.324435
4.346071 -0.310261
4.399793 -0.456461
4.425175 -0.465295
4.434985 -0.502281
4.425875 -0.520532
4.478585 -0.661586
4.341244 -0.703330
3
4.938570 2.460635
4.959436 2.372294
4.938570 2.460635
9
-1.878752 2.738957
-1.645334 2.661975
-1.683095 2.568974
-1.748573 2.590525
-1.793731 2.479177
-1.900863 2.514513
-1.858820 2.618192
-1.919627 2.638190
-1.878752 2.738957
13
0.808983 2.881468
1.162536 2.671197
1.051900 2.520144
1.008689 2.545772
0.863717 2.347733
0.735875 2.423745
0.867065 2.602951
0.739612 2.678769
0.702396 2.700903
0.693598 2.706145
0.706366 2.723619
0.697413 2.728958
0.808983 2.881468
5
0.943522 1.275507
1.186594 1.279390
1.188930 1.160276
0.945858 1.156393
0.943522 1.275507
17
0.207453 2.551791
0.332337 2.491020
0.316220 2.464033
0.366127 2.439763
0.340278 2.396661
0.349699 2.392098
0.332882 2.364139
0.325952 2.367537
0.322293 2.361421
0.300337 2.372100
0.294264 2.361907
0.225827 2.395204
0.206985 2.363751
0.221000 2.356956
0.201535 2.324435
0.100787 2.373556
0.207453 2.551791
15
0.550417 3.010193
0.632324 2.964858
0.642990 2.980584
0.695233 2.951655
0.687447 2.940200
0.716177 2.924279
0.704731 2.907388
0.731670 2.892438
0.691340 2.833123
0.627107 2.868556
0.618309 2.855548
0.590280 2.871080
0.596976 2.880982
0.499264 2.934958
0.550417 3.010193
15
2.001456 3.090574
2.124472 3.035628
2.139887 3.023105
2.077290 2.932725
2.163011 2.884477
2.088813 2.777497
1.986585 2.835065
1.964785 2.803611
1.929671 2.823318
1.855939 2.865644
1.887628 2.910494
1.823161 2.947384
1.902888 3.060285
1.954585 3.030580
2.001456 3.090574
19
0.069722 1.768469
0.075250 1.595573
0.127181 1.596932
0.151006 1.585283
0.165643 1.572080
0.170236 1.552276
0.170314 1.537229
0.158791 1.520920
0.138159 1.510048
0.141040 1.418406
0.065907 1.416464
0.066685 1.391030
-0.098062 1.386759
-0.098919 1.411999
-0.167200 1.410251
-0.172572 1.578585
-0.094559 1.580623
-0.100398 1.764003
0.069722 1.768469
13
1.138478 3.808368
1.228871 3.759926
1.173748 3.676342
1.223577 3.649646
1.211509 3.631686
1.167052 3.563829
1.150546 3.538686
1.088883 3.571595
1.082265 3.561499
1.067550 3.569362
1.075102 3.580914
1.011180 3.615183
1.138478 3.808368
13
4.581903 1.044656
4.689814 1.061256
4.695186 1.032812
4.709901 1.035142
4.736295 0.895156
4.714728 0.891855
4.723137 0.847102
4.617873 0.830987
4.611099 0.866809
4.590623 0.863703
4.565942 0.994467
4.590623 0.998253
4.581903 1.044656
10
-2.385996 1.125522
-2.457003 1.012620
-2.390201 0.986215
-2.398532 0.956121
-2.106175 0.820600
-2.139576 0.760412
-2.089435 0.718959
-1.985028 0.846908
-1.947423 0.959907
-2.385996 1.125522
15
4.316329 0.033007
4.624725 0.131444
4.630019 0.109116
4.659683 0.116299
4.687634 0.042035
4.658126 0.032036
4.667858 0.003495
4.507860 -0.050675
4.571781 -0.230657
4.563061 -0.275993
4.492600 -0.298709
4.443004 -0.270071
4.431870 -0.239491
4.418868 -0.209009
4.316329 0.033007
13
1.176706 2.134162
1.199752 2.167168
1.294038 2.113581
1.282438 2.096981
1.302447 2.085623
1.266321 2.033880
1.249270 2.043491
1.228015 2.013008
1.134430 2.066110
1.156697 2.097952
1.132561 2.111640
1.152025 2.139598
1.176706 2.134162
13
0.136835 0.762159
0.135979 0.922823
0.135668 0.974274
-0.064038 0.973304
-0.064505 1.050481
-0.223958 1.049704
-0.223491 0.958936
-0.249496 0.958839
-0.248951 0.851374
-0.222557 0.851471
-0.222090 0.760509
0.001363 0.761577
0.136835 0.762159
13
4.518371 1.387438
4.620832 1.402000
4.625659 1.374430
4.645980 1.377342
4.671595 1.230560
4.650573 1.227648
4.657658 1.187458
4.554575 1.172799
4.548813 1.205805
4.517514 1.201340
4.490420 1.356373
4.522964 1.361033
4.518371 1.387438
11
0.214771 1.286865
-0.111921 1.276963
-0.149059 1.289875
-0.150305 1.250364
-0.149059 1.135035
0.068476 1.138530
0.114802 1.142802
0.115502 1.163479
0.172027 1.164547
0.217263 1.226871
0.214771 1.286865
5
2.279331 3.625279
2.122992 3.401903
2.231526 3.345500
2.377899 3.568197
2.279331 3.625279
17
-2.920647 2.989321
-2.776921 3.131929
-2.695560 3.075235
-2.706226 3.060965
-2.675550 3.038152
-2.762128 2.955927
-2.753253 2.946316
-2.766255 2.935734
-2.789456 2.959518
-2.818731 2.930686
-2.824960 2.935831
-2.843723 2.938258
-2.855558 2.950199
-2.854857 2.962140
-2.879149 2.982041
-2.893864 2.967382
-2.920647 2.989321
7
4.853004 -0.534608
4.818669 -0.450830
4.879554 -0.430638
4.871924 -0.412096
4.957645 -0.383555
4.964652 -0.400738
4.853004 -0.534608
