10
4
-5.000000 -5.000000
5.000000 -5.000000
5.000000 -4.900000
-5.000000 -4.900000
4
-5.000000 5.000000
5.000000 5.000000
5.000000 5.100000
-5.000000 5.100000
4
-5.000000 -5.000000
-4.900000 -5.000000
-4.900000 5.000000
-5.000000 5.000000
4
5.000000 -5.000000
5.100000 -5.000000
5.100000 5.000000
5.000000 5.000000
4
-5.000000 -3.000000
3.000000 -3.000000
3.000000 -2.900000
-5.000000 -2.900000
4
-3.000000 -1.000000
5.000000 -1.000000
5.000000 -0.900000
-3.000000 -0.900000
4
-3.000000 -1.000000
-2.900000 -1.000000
-2.900000 3.000000
-3.000000 3.000000
4
-1.000000 1.000000
-0.900000 1.000000
-0.900000 5.000000
-1.000000 5.000000
4
1.000000 -1.000000
1.100000 -1.000000
1.100000 3.000000
1.000000 3.000000
4
3.000000 1.000000
3.100000 1.000000
3.100000 5.000000
3.000000 5.000000
