8
4
-5.000000 -5.000000
5.000000 -5.000000
5.000000 -4.900000
-5.000000 -4.900000
4
-5.000000 5.000000
5.000000 5.000000
5.000000 5.100000
-5.000000 5.100000
4
-5.000000 -5.000000
-4.900000 -5.000000
-4.900000 5.000000
-5.000000 5.000000
4
5.000000 -5.000000
5.100000 -5.000000
5.100000 5.000000
5.000000 5.000000
4
2.000000 2.000000
2.500000 2.000000
2.500000 2.500000
2.000000 2.500000
4
2.000000 -2.000000
2.500000 -2.000000
2.500000 -1.500000
2.000000 -1.500000
4
-2.000000 2.000000
-1.500000 2.000000
-1.500000 2.500000
-2.000000 2.500000
4
-2.000000 -2.000000
-1.500000 -2.000000
-1.500000 -1.500000
-2.000000 -1.500000
