14
4
-5.000000 -5.000000
5.000000 -5.000000
5.000000 -4.900000
-5.000000 -4.900000
4
-5.000000 5.000000
5.000000 5.000000
5.000000 5.100000
-5.000000 5.100000
4
-5.000000 -5.000000
-4.900000 -5.000000
-4.900000 5.000000
-5.000000 5.000000
4
5.000000 -5.000000
5.100000 -5.000000
5.100000 5.000000
5.000000 5.000000
4
2.000000 2.000000
2.500000 2.000000
2.500000 2.500000
2.000000 2.500000
4
2.000000 -2.000000
2.500000 -2.000000
2.500000 -1.500000
2.000000 -1.500000
4
-2.000000 2.000000
-1.500000 2.000000
-1.500000 2.500000
-2.000000 2.500000
4
-2.000000 -2.000000
-1.500000 -2.000000
-1.500000 -1.500000
-2.000000 -1.500000
4
3.000000 -1.000000
3.500000 -1.000000
3.500000 -0.500000
3.000000 -0.500000
4
3.000000 -3.000000
3.500000 -3.000000
3.500000 -2.500000
3.000000 -2.500000
4
1.000000 1.000000
1.500000 1.000000
1.500000 1.500000
1.000000 1.500000
4
1.000000 -1.800000
1.500000 -1.800000
1.500000 -1.300000
1.000000 -1.300000
4
-1.000000 -1.000000
-0.500000 -1.000000
-0.500000 -0.500000
-1.000000 -0.500000
4
1.800000 0.500000
2.300000 0.500000
2.300000 1.000000
1.800000 1.000000
